11025
11025
11025
11025
11024
11024
11025
11025
11025
11025
11025
11025
22050
11025
11024
22050
2260106
404372
154
151
168
320
178
167
180
153
172
188
234
177
231
276
221
240
174
1138
198
158
166
154
793
178
231
224
194
929
311
176
245
182
177
160
178
187
1157
150
176
159
162
189
230
963
208
156
626
253
2434
161
174
162
312
1129
218
177
238
192
187
206
188
151
183
164
198
1008
158
1042
169
150
951
156
164
165
153
1065
182
157
7370
160
279
280
177
155
256
154
911
163
204
272
5643
11025
2510514
155
24773
