1168458187 0
1168469212 0
1168480237 0
1168491262 0
1168502287 0
1168513311 1
1168524336 0
1168535361 0
1168546386 0
1168557411 0
1168568436 0
1168579461 0
1168590486 0
1168612536 0
1168623561 0
1168634585 0
1168656635 0
1170916741 0
1171321113 8352
1171329619 3679
1171333449 1069
1171334686 2530
1171337536 159
1171337873 3019
1171341059 2600
1171343839 112
1171344104 12496
1171356772 1
1171356961 0
1171357195 980
1171358352 154
1171358737 0
1171359013 1965
1171361199 1
1171361440 891
1171362505 1433
1171365076 2369
1171367643 396
1171368197 2105
1171370468 215
1171370837 2753
1171374383 594
1171375155 780
1171376166 942
1171377332 2684
1171380210 2994
1171384133 126
1171384570 30
1171384776 100
1171385121 102
1171385405 1853
1171387435 45
1171387640 172
1171387990 4623
1171392800 1
1171393958 692
1171394800 414
1171395390 854
1171396403 385
1171396950 2059
1171399198 2622
1171402050 688
1171403701 2046
1171405955 5734
1171411845 391
1171412862 0
1171413115 1779
1171417328 788
1171418277 155
1171418606 351
1171419119 1181
1171420612 1374
1171423115 852
1171424185 535
1171424897 0
1171425135 1
1171425328 0
1171425515 1263
1171426984 726
1171427898 424
1171428473 453
1171429109 1303
1171430576 32
1171430806 140
1171431954 6980
1171439092 1877
1171442011 543
1171442723 3081
1171445954 5081
1171451986 162
1171452304 2271
1171454739 654
1171455558 3902
1171459613 1321
1171461999 2173
1171464354 227
1171464738 523
1171472631 1138
1171473929 97
1171474305 145
1171474730 377
1171475284 1
1171475440 0
1171475696 71
1171475921 1506
1171478338 0
1171478501 3947
1171482652 442
1171483366 1027
1171490036 1
1171501062 0
1174011576 685
1174012416 0
1174037189 1
