60
1
165
0
0
0
52
190
1
284
3241
321
276
946
25
0
0
1423
112
193
908
1
11
0
1417
0
125
0
0
0
0
0
124
0
0
0
0
305
0
0
17
10
17
0
17
0
0
0
0
980
0
127
0
0
0
0
0
0
0
0
1
0
0
0
1
1
0
123
281
0
0
0
0
0
1
0
2584
0
0
0
0
0
28
0
0
0
0
20
990
0
3
22
22
0
203
8
21
271
0
0
52
0
0
0
40
0
0
121
0
0
0
17
0
17
37
0
0
1
10
1
0
0
0
1
10
2703
0
0
17
0
0
0
0
29
734
0
95
95
0
1
1
1
118
93
0
0
0
94
0
23
0
0
10
2
0
112
0
62
0
0
0
0
60
0
125
0
0
0
0
10
0
111
95
0
0
0
0
0
0
0
285
284
283
283
185
0
17
17
92
0
0
35
134
0
0
142
0
0
70
0
18
0
189
0
0
0
0
0
19
0
13
0
108
0
0
60
0
0
17
1
1
17
0
0
0
0
0
0
0
0
0
0
0
0
0
1
0
0
0
61
0
60
0
0
0
59
0
61
0
60
1
0
61
61
0
233
1
0
0
0
101
1
101
0
1
102
0
0
0
0
0
0
0
0
0
0
0
0
1
0
0
1
0
0
0
0
0
106
0
0
0
0
0
1
0
0
160
0
53
0
1
0
0
101
146
93
3
29
13
65
2
1
1
0
1
9
24
231
12
0
71
0
0
7
14
0
0
1
2
0
12
693
0
22
2
0
168
3
0
0
61
8352
3679
1069
2530
159
3019
2600
112
12496
1
0
980
154
0
1965
1
891
1433
2369
396
2105
215
2753
594
780
942
2684
2994
126
30
100
102
1853
45
172
4623
1
692
414
854
385
2059
2622
688
2046
5734
391
0
1779
788
156
351
1181
1374
852
535
0
1
0
1263
726
424
453
1303
32
140
6980
1877
543
3081
5081
162
2271
654
3902
1321
2173
227
523
1138
97
145
377
1
0
71
1506
0
3947
442
1234
69
144
0
5
1
0
0
0
0
60
0
0
0
60
0
0
27
0
0
1
15
0
0
1
0
1
0
1
0
2
23
0
234
20
69
1799
86
0
81
24
1
23
0
66
0
266
0
0
0
60
0
0
0
1
0
0
1
0
0
0
0
117
1
0
84
23
1
0
0
0
221
0
6
27
0
0
0
155
0
5
5
16
0
60
0
1
61
0
0
0
0
1
0
0
60
0
0
1
0
685
0
0
0
0
1
97
0
0
60
0
0
0
0
0
0
0
44
0
167
1
0
241
193
209
0
0
0
0
0
0
748
0
1
0
61
491
0
0
0
0
0
0
0
17
0
18
0
18
24
0
23
0
0
0
0
60
1
0
39
0
0
0
67
1
0
0
11
0
0
0
0
0
0
0
78
0
18
18
66
285
18
